8 -8 -7 -6 -5 -4 -3 -2 -1 0 1 2 3 4 5 6 7 8
-8 0 0 0 0 0 0 0 0 0 0 0 0 0 0 0 0 0
-7 0 0 0 0 0 0 0 0 0 0 0 0 0 0 0 0 0
-6 0 0 0 0 0 0 0 0 0 0 0 0 0 0 0 0 0
-5 0 0 0 0 0 0 0 0 0 0 0 0 0 0 0 0 0
-4 0 0 0 0 0 0 0 0 0 0 0 0 256 0 0 0 0
-3 0 0 0 0 0 0 0 0 0 0 0 0 0 2304 0 0 0
-2 0 0 0 0 0 0 0 0 0 0 0 0 0 0 0 0 0
-1 0 0 0 0 0 0 0 0 0 0 0 0 0 0 0 0 0
0 2 0 0 0 0 0 0 0 0 0 0 0 0 0 0 0 20352
1 0 0 0 0 0 0 0 0 0 -768 0 0 0 0 0 0 0
2 0 0 0 0 0 0 0 0 0 0 4096 0 0 0 0 0 0
3 0 0 0 0 0 0 0 0 0 0 0 0 0 0 0 0 0
4 0 0 0 0 144 0 0 0 0 0 0 0 -768 0 0 0 0
5 0 0 0 0 0 0 0 0 0 0 0 0 0 -43776 0 0 0
6 0 0 0 0 0 0 0 0 0 0 0 0 0 0 -786432 0 0
7 0 0 0 0 0 0 0 0 0 0 0 0 0 0 0 0 0
8 112 0 0 0 0 0 0 0 -480 0 0 0 0 0 0 0 -83968
